163958381681618
258907278374857
759461087772062
434257759594500
471972554351798
952098995991584
975176848419698
291016629535173
756530186454054
414784092214473
257543361551144
506914358353505
905445070995718
210588284580436
744816212224106
695803658036327
296540243650451
652867099230881
309414844332095
482035199571714
513215160712081
531174768264887
245650041394838
489275194349548
294746849598131
193258713214227
481333379488414
677405270126569
743496699526926
241030490255068
613760497414719
347245298839572
469646959098974
145465512509140
894082758139872
466042553126671
220616945858855
464706084566108
172673493110476
639211890581788
802332660993738
968793122827931
835364097901588
909119916906644
517628522774422
404826865941056
491099268865388
934342572626087
432233917338917
889639786489508
652630587456172
420832061624032
589520290840929
497122627696081
185736928394504
111683271357333
372134743740016
727046595108749
501259211711910
701685626351562
683080689266348
371477579501403
797323572084911
573280372716640
517097563605493
477006444448862
943539490078460
646517889898961
590227830434537
928924782292079
868150373696718
714034137941897
551496281826032
673638543614085
639595366889059
927877476652233
866385681254559
427825271218268
423975958346231
719436421360343
742111011432867
651169493143145
194927686886802
163973894109519
795709738075797
787641348981538
640972680390773
496705894427659
105560294543075
449230913342424
790949499887294
520509316659992
127051256128521
843116351066348
973293663197152
756107025445997
541066369657965
897962658666552
328197225468343
725574018695631
185983870134244
672768210144891
838338076252294
321087280704830
643393229092225
112074570071919
322514111061643
514189288911727
280978336605329
142784190049952
788705245014154
417982516141409
154814582768094
226075010495652
140844025239301
463650247181614
491634291895422
281543046710163
782610118698214
726261370763020
827728834877247
153451076368429
832229149200293
488874841684975
255858550679667
683316925907249
451366363224277
542836568168710
226008368629497
867558465804414
437588092464190
988743934606482
123065245386928
152001349285406
775248210830713
749512286381353
832488984682052
715464219097640
294154389588721
968663984214934
996166844560063
626525158085349
122994380792501
189068795240438
401826229188645
919012267840316
395343032970934
785372647191031
434552342338244
739974046525557
635255257269051
500178241433990
552830466995685
454122619812267
624160732771107
651650912500637
742619617564619
791772149745824
496172648015696
576189161200012
955560758817800
285829389359724
835364422519718
765472752613160
531310920281894
417034568238483
719978326609902
554939210225634
202520822631050
931178490006521
177626034498622
756903154220221
109291451452638
882984345228823
364363842913178
545159511817192
861463471496468
438555097307667
355268450221934
302885367430814
451271489322585
949954558727623
287244817836567
302376312438597
767152727758732
696816443562793
103094251939275
663765991017000
706633332284431
760149579997026
105066090591714
374268537891176
962672266935106
983713453695113
985976117080760
109465683756996
183687824129233
472220534418496
529165682310199
546083223691200
449545078176295
301718435493234
530367166398460
522074848642121
354235912573170
634385468998584
637763463640245
912291935242529
158037750855695
102678043577806
478552812205046
471870997704617
160239981975004
289926666903765
331129267519985
647248232946013
821225116068064
794173441933612
856051575085326
555852533457297
969913919551268
554451344758117
920080838050738
358004872126733
136960684883878
717770634587679
513367086722213
310650720297147
804859078001562
774860748465902
839265516144619
153507916757824
634396160405662
209294675266493
655869162287935
591411916120844
366427244790325
788630382309622
231636270412579
199290468709030
148770438737669
240389166205942
996553969911842
398191184110984
234270457398274
500401491749232
345973662107571
622494771363792
872019160928034
207714212579043
982346116174430
265837133629511
953508496769833
677692862962431
830203842154273
360853624867175
236136332854475
114975969178262
189744753919466
540192571878833
683054436710452
963793284849652
321345564904488
711139268779371
778653913419365
199445293242322
458684496768214
473060493597124
203709447957828
128083674317698
605973134471832
794659219302510
271759339581787
582253649361209
524340757148569
208044018827572
826406148059536
130814091519333
581121330375352
228008064752733
233618524527005
670876434820048
499230751245606
451008142507693
139289361456627
775718619015463
422175234973425
850671913723679
583558614016772
849187244978942
242911949149002
227719057699471
676611135641996
619287277030008
770140516626471
474163485551544
965587692765222
790389192383369
508114843666359
469579347785219
732062266594590
933072955130711
896564129094420
653065753686669
606832424319763
545773636408940
196246381126689
348211316384461
480623988509035
777314563799181
106608141705534
589187956971982
855518795271712
678948220823114
658288360410603
605454310500570
892229063818589
690963185507275
819511591165290
782947948110260
502034157199670
784563036449854
233287611975235
392913043747423
385152263870810
826652018176353
190148942395348
820070387069593
277427183977435
205198373746844
405329283478147
151554456675463
576579156798096
128964519157806
131118797702130
129830651535465
617805457126528
955464143266674
194389670697894
977240543471915
384933596810832
574095181972377
753962133606622
379140858409893
153133034179715
923097832300055
387145514698467
936047463603629
437651661469305
846092930033891
506795020272581
309569384873393
307065323771792
635677199085883
384097019273340
928800594959445
409347419079462
954106319019435
791902955319626
689237018405434
887756375006635
646388661329306
151205439017781
110969182836874
577933821782465
497939223732178
600898168579422
480367915104169
999972858012256
319070660151497
985035659598977
231947721978897
628222620618537
432931375975464
356993957246881
663120542811882
112217067349441
896952449216775
830523130092427
201654064961476
493153387874339
898156681711489
529408043636095
314896350635595
526285613784305
912789445674627
153451871171202
625403844098092
329354032783427
527063529840795
444943465691329
824617786584527
817992064815714
496167470366416
304064516490247
393538088771887
939037546364980
707366098045445
695753786251745
381987027253692
916788226521708
805674540227763
876511358287881
912713620505002
790728446895374
203540164392267
855224594428004
692947454614019
859158524317027
757892147614061
518145785156494
309186581457993
336952120389781
116101884269122
925834881921035
514911467846031
221404358503930
521367137896643
875837691794659
950080477573050
868195499567078
430392442454895
272355256953008
366100626775279
496179666180980
302462085221955
593207674019667
257227925748854
221778833246839
140145533786739
829848638053627
880174426997479
643573319874927
711562619731779
323255021236631
880930060166676
260639910449658
195165172896205
309233433015297
153754269079947
916182226949945
999195759147705
508009884570703
792508531283167
764280695329210
950583468640119
376405256377247
427317650676556
243528715976522
814904075517059
192803548000746
974448371280661
543395652038601
783973740012289
629110597663422
715680751352679
192062991061405
392625012882293
821807541434867
948118485912498
728663536621090
544963727167669
843785589493744
797270839842161
586194077410694
263146832624879
686763535057964
377542837110091
518603598504813
179118761300790
167498292372812
742525045432032
663459440148057
965668743121654
280227570733565
740232884205164
565420960828592
924325779225285
573294689386277
258942665309786
952469245249231
151355739274770
177953539760649
890130236675522
471144352116168
605212565857578
149516384976225
648968742711437
384435334589456
412409838566654
745630378684528
677782065568894
794763983832866
865527519879541
353132241473462
973994424286817
890690829880524
979984616391958
282353925890857
458441357372896
229922883241728
750928451839063
456034664429078
730392125870423
148150635679270
429140527893899
375715783989533
868685790345323
661076383081782
340901442957647
699451230176974
564786679828532
785217752088137
325332668664058
653079729984056
690860581405114
282711860175370
938466065687730
305849234935699
583968149075145
286540774536030
278942899047927
207773888520501
205053074862798
268848531535430
246609662597680
452090269576223
835782159104324
194645721784565
960229963172474
713482294232397
288524047626007
584679780597391
474468765083963
228168791527202
975104631601571
302109715964921
595240763760478
867924372411231
235068924613021
785099263422454
938372953628755
564285489129356
839430752355614
793643280473137
489697143519692
665045780973300
939752454156688
477013567842427
545608915965536
363593146030948
643753680597858
450450347025538
895863934804811
684684831977582
237802561374240
642470133355699
463420725935082
692795642798230
230458878155190
373532019793057
596227186653347
512941157918676
516873894086979
323257326643065
509230073304609
988436148154668
218292714835956
939644111682166
784251280411009
372501199166006
956564093218929
378830030198999
300304970694014
829676155094118
254649068661806
101183734050165
124829769276023
132274014785521
584872953304170
319411695502552
335037333497985
149029444886012
851517039797478
745983634020626
903772616817342
376708717721048
716164344483355
171279894751700
302675454446819
977979961664042
351555236913212
940003919524103
768894792302147
662983889549922
211615038824312
304135660614046
713296926844614
918119035759204
336369776990765
546475172981872
793100059517373
240682445762760
763417245825659
434215726807339
538864040441012
281104659204918
600079096055724
721086230630548
500111313523002
287170866728374
525817244641610
489925037017337
564366734015151
216309814204816
771171942745971
744179742834616
775829777384761
603517345617437
992872723047394
532937347673499
343095672452418
380516838998385
251409197913226
338724187624866
147618647196823
411991558121449
513201467940427
915672474403273
898840270761191
330767574166636
655684562630804
649980580489140
840057732493656
696652391163742
215095467469267
876769262836652
963373173858807
109127831112098
207576683035322
395990939847473
447057870303938
780981013482579
795402569193166
534571573204511
622007239594832
107845252670087
618871395211993
376283284669749
789377740218769
895706917660928
144079486429811
684019858227093
973594898518314
460037728739858
636478559170490
916352394163971
135051859732926
633900774724259
935105725973170
246032584882777
126114651933314
617392116926415
691237129021457
228612986963929
993724170217054
174522929610311
270981822969524
410736219786300
283593585821515
805845587205901
624480325688130
308701216474817
208329683624258
601968585253204
429898067725869
628655774893284
900799157076404
212826291908480
485069049780378
164732469126311
297620187836700
744396568889083
836260666224603
650167499191995
485549785607662
545664312518254
883992671332382
172725435992252
703142276429047
854911633797099
259930871429497
533130914748768
927220085863174
109322448578588
409835823769652
426308284936754
619980245009249
511685780002779
219983976363631
731265861860677
198715825307921
942605491685025
281807911078265
858825040359300
459896484894120
227678588300564
388501834528090
355468186364664
542317090785924
346604437878712
628807564947346
372068036096779
693507871729565
621247633600477
281126225852574
900496130464785
705782864409502
756607591168725
632966251367798
206751629614072
655644565048189
187200986482196
466993087523940
491876849556011
839183589380946
852544044345035
472443045731450
831037375316572
809129374435292
439234579935449
427945843193151
742007770010292
962026180141657
512930396378719
682962145424661
775294899285745
454022122356374
533460789443395
229539132979442
732404971550113
295602724576819
111883533076116
391598479980300
226423391052825
327375645728014
104081991620919
781581241945361
529042992616088
753697896440179
298939473491501
331880293286160
627341378091192
318138457675141
475122464599626
262768857386521
571083196788007
812552480658596
511106171588846
585941222664315
809988947803751
293421910219675
452418616914663
512850626479650
623245274747977
523154679559195
111702536454443
787991634681825
685055881250919
367340848415992
889560872318636
544188164589379
136599010434525
993584586879461
271223024111013
758827480397782
345962859630488
830063448415183
342529921204121
896972099197216
636238532209495
789080579311208
194227396246664
132846695300180
573408325667169
676938690311270
955322958814642
420033143343895
770613311450840
892135448012909
248762848828913
531771111679728
243847682736580
127314414390435
933725391802775
154860367996260
127762560920762
503714415290085
794987863156861
576543599327368
822608354317962
565280420026639
701121568373116
329364510365449
296924692168719
995531999983669
680174732587215
914827266338804
715543815481950
277507149939247
195100765636263
299799826910915
740210888361100
534684978833583
973077599208871
456059587436620
364175926605212
613883036479123
686105520247780
859687027352503
969414388996562
506410788995171
524342598148682
733503727048311
568654336607466
851042752558115
625385251447619
995222499247827
332969852818873
846003971831499
646963439486668
389732279159632
785744249400748
116398241005856
778215755941632
667598872558163
767499383573072
359459040402134
956671784488693
313453086971165
206245132204752
388987135247241
119232546332003
943337468284197
994843448968749
590646272459630
278530681488787
599957371687737
428668682029090
133737115400207
637673132139611
626842061710486
466141653889086
732135479199801
174631292057577
731131044422620
958104223292038
861973114279600
664138934889520
937473970610949
500540281949014
372449064187005
671161759755181
323427573992007
728707034444841
659089198153441
310235378588425
538187489755086
178778494015139
119264567788572
449736126648654
652805775981518
513171586256387
320307060185618
485041440917735
801923596062936
994028124738515
812222283579668
430068516965717
490399616463989
630031122826671
671407326703115
407924589413100
257409985506195
858463338932254
431448678480993
806958247613146
983400342845385
